0 0 100 100 6
52 56 40 43
22 28 21 39
49 28 11 22
33 15 5 32
81 25 3 50
7 45 4 96
0 0 100 100 10
51 50 47 54
22 54 9 18
87 68 5 83
76 13 1 87
17 25 12 87
92 6 2 24
13 83 10 22
30 20 8 53
73 81 13 99
58 82 12 46
0 0 100 100 2
19 76 13 24
58 76 5 26
0 0 100 100 2
47 65 22 27
28 54 14 62
0 0 100 100 9
46 35 17 28
15 14 12 90
86 19 7 85
77 60 1 96
83 65 10 87
36 90 3 94
36 57 29 25
69 77 20 56
63 49 22 73
0 0 100 100 3
57 55 42 45
17 31 7 67
30 28 9 34
0 0 100 100 9
50 49 47 80
81 68 1 99
54 9 6 60
22 65 13 28
92 18 6 7
79 70 1 91
5 78 1 27
81 92 4 20
12 59 10 38
0 0 100 100 9
51 47 44 82
8 37 6 73
91 6 2 6
75 72 2 22
31 26 12 98
91 11 5 37
25 15 13 13
31 76 17 14
75 66 3 80
0 0 100 100 6
43 52 11 39
56 45 17 13
54 64 6 72
8 9 1 30
78 33 20 53
26 11 5 20
0 0 100 100 5
56 42 33 36
21 87 9 8
50 67 14 16
64 13 8 28
24 68 22 52
0 0 100 100 5
39 20 15 22
66 85 12 77
63 48 36 71
25 84 8 40
31 46 17 42
0 0 100 100 9
53 53 41 59
49 16 4 75
33 77 16 62
35 25 18 20
17 80 13 80
62 15 13 86
4 58 3 14
55 88 5 74
29 53 3 75
0 0 100 100 5
53 54 40 56
2 13 1 35
68 15 1 66
80 55 10 12
79 12 7 22
0 0 100 100 7
34 32 18 10
51 70 3 27
15 5 2 46
68 9 8 66
49 86 13 86
68 59 26 50
33 17 1 68
0 0 100 100 3
33 52 1 74
53 13 11 25
55 21 3 86
0 0 100 100 1
51 69 28 62
0 0 100 100 8
47 52 46 52
55 88 8 94
79 32 10 64
19 81 6 80
88 40 9 92
23 72 3 68
78 42 9 8
7 68 5 52
0 0 100 100 2
51 51 50 77
77 22 21 83
0 0 100 100 10
48 47 43 47
12 24 11 25
71 30 13 78
90 82 2 42
84 9 6 98
22 94 4 40
18 51 9 48
83 41 1 75
87 71 5 19
69 92 4 83
0 0 100 100 6
42 47 41 86
21 88 1 92
77 39 2 88
79 60 19 62
33 70 4 82
68 32 12 40
0 0 100 100 4
42 42 31 43
71 67 26 86
63 43 4 2
36 71 24 35
0 0 100 100 6
28 60 21 43
34 30 25 100
80 25 16 62
60 43 21 26
43 4 2 44
55 27 11 7
0 0 100 100 2
46 48 40 85
30 76 13 90
0 0 100 100 9
57 40 36 35
80 23 18 96
34 48 12 68
67 69 23 16
24 24 17 55
21 52 2 79
28 56 8 45
67 89 1 62
20 84 12 35
0 0 100 100 9
48 52 47 91
20 92 4 97
75 38 11 43
43 79 5 52
70 78 16 60
57 79 2 5
59 95 4 44
91 87 6 39
92 60 5 31
0 0 100 100 4
53 50 46 81
17 45 3 24
26 72 16 27
84 51 7 65
0 0 100 100 10
97 44 1 40
37 32 19 31
49 53 20 95
39 88 10 96
23 77 12 15
53 24 15 89
59 70 13 9
34 18 9 70
58 86 11 69
74 13 1 1
0 0 100 100 8
82 83 12 47
24 39 15 33
77 48 6 24
82 26 15 84
30 67 27 27
55 41 32 82
73 58 12 40
30 14 13 48
0 0 100 100 10
54 67 31 74
33 27 19 27
63 46 3 91
31 72 14 9
80 55 13 97
93 11 1 56
71 13 7 93
63 33 8 51
80 19 4 36
77 44 2 39
0 0 100 100 5
65 44 13 76
68 55 1 22
82 75 17 17
61 23 15 17
41 58 40 75
0 0 100 100 10
28 38 16 54
20 19 5 5
46 60 27 29
54 46 4 53
63 41 6 14
49 78 1 95
19 64 6 21
94 74 2 43
76 48 5 13
61 3 2 59
0 0 100 100 4
54 66 22 42
55 32 28 85
36 16 14 84
73 50 14 48
0 0 100 100 2
63 57 29 79
45 70 9 63
0 0 100 100 8
50 69 22 61
49 9 5 50
31 11 4 2
66 44 21 88
34 23 2 99
37 55 3 62
69 85 3 46
7 40 2 14
0 0 100 100 3
51 51 50 30
90 87 4 11
64 84 5 34
0 0 100 100 7
42 58 32 67
69 54 16 29
18 29 17 17
88 89 8 20
60 22 3 77
19 58 14 30
41 83 1 81
0 0 100 100 6
26 56 24 40
47 63 13 59
63 27 12 76
76 55 20 68
81 68 4 22
5 11 1 67
0 0 100 100 2
90 68 2 81
35 54 32 65
0 0 100 100 6
21 37 12 80
68 27 21 97
76 62 23 78
31 54 21 13
22 73 9 55
55 40 13 81
0 0 100 100 7
50 57 38 81
13 73 4 46
82 66 1 92
56 26 24 58
44 34 4 76
28 40 17 96
10 50 2 53
0 0 100 100 8
52 50 46 75
64 81 13 19
12 33 9 8
22 60 14 83
71 23 9 23
9 47 4 71
46 81 13 44
26 47 2 33
0 0 100 100 2
81 28 11 9
28 44 18 80
0 0 100 100 10
45 55 33 29
26 13 9 23
15 56 10 43
76 18 16 77
69 62 1 74
19 89 5 97
86 72 2 91
14 30 11 13
2 20 1 5
62 31 8 81
0 0 100 100 3
35 65 18 94
43 56 6 95
34 87 8 50
0 0 100 100 9
51 51 50 93
73 17 7 47
32 15 13 57
80 48 1 23
15 21 13 83
59 18 1 29
94 27 3 76
69 78 6 29
61 87 2 51
0 0 100 100 6
34 64 16 82
56 89 3 80
38 37 9 81
80 27 9 58
27 82 13 52
12 60 8 38
0 0 100 100 8
87 7 4 76
48 47 45 79
24 77 21 83
46 80 8 30
73 82 9 87
50 18 8 76
15 25 4 34
12 47 11 82
0 0 100 100 9
56 40 19 44
80 67 12 20
28 35 26 26
37 17 9 25
57 65 12 31
92 26 6 46
25 84 15 55
75 83 5 63
41 63 16 79
0 0 100 100 2
51 44 39 90
21 19 5 8
0 0 100 100 7
40 42 31 92
74 24 3 38
23 69 11 87
61 19 16 98
65 48 11 56
88 50 7 34
45 72 16 54
0 0 100 100 7
65 10 6 61
39 69 2 54
45 46 38 25
79 81 16 11
58 21 10 17
24 25 13 48
92 55 4 10
0 0 100 100 6
32 67 17 26
32 15 5 79
17 37 10 90
90 75 9 56
36 85 12 54
73 18 5 46
0 0 100 100 1
28 77 17 14
0 0 100 100 6
51 48 37 36
23 65 22 23
26 13 9 92
80 74 1 34
40 25 7 24
48 75 3 74
0 0 100 100 6
64 36 24 81
86 37 13 80
15 89 9 15
19 32 9 16
51 11 9 31
55 63 30 38
0 0 100 100 6
51 51 50 61
78 66 10 43
26 6 4 10
19 15 6 37
16 89 3 18
18 50 9 69
0 0 100 100 2
66 68 23 85
56 45 26 88
0 0 100 100 4
39 68 26 43
89 40 3 28
54 44 24 97
12 83 1 81
0 0 100 100 8
76 53 21 24
72 8 5 89
18 25 6 15
39 55 12 64
87 38 11 20
25 62 12 81
56 66 18 35
38 37 18 44
0 0 100 100 4
83 26 5 25
57 46 41 80
29 33 15 51
28 91 4 21
0 0 100 100 3
45 41 20 21
50 71 4 58
30 65 12 92
0 0 100 100 5
47 56 8 79
6 95 2 8
37 36 18 14
17 82 4 53
70 63 9 29
0 0 100 100 6
55 53 38 29
44 23 15 30
76 32 21 32
23 36 13 47
9 48 2 16
25 9 3 90
0 0 100 100 8
44 54 20 28
69 66 30 90
80 84 11 59
17 72 14 70
54 39 5 68
29 31 8 15
35 14 4 90
67 44 8 33
0 0 100 100 8
56 51 16 71
47 37 15 17
31 31 13 81
84 45 13 18
33 66 29 39
95 70 3 65
57 79 10 76
48 4 2 85
0 0 100 100 9
41 58 6 63
14 62 6 78
59 55 14 44
71 53 6 90
58 93 1 86
22 89 4 50
44 73 11 36
85 76 6 88
78 68 13 27
0 0 100 100 1
22 55 4 98
0 0 100 100 2
62 55 12 80
37 66 24 72
0 0 100 100 4
74 84 8 47
57 60 21 68
32 53 26 76
35 2 1 58
0 0 100 100 10
62 60 2 70
88 15 2 50
32 37 11 20
30 46 4 11
50 37 24 31
46 60 17 90
19 78 15 51
68 70 18 97
8 50 2 25
35 18 6 60
0 0 100 100 1
59 60 33 55
0 0 100 100 1
53 57 40 34
0 0 100 100 3
45 46 37 61
50 83 16 17
16 36 6 38
0 0 100 100 1
63 27 24 65
0 0 100 100 4
32 38 31 94
81 26 9 6
50 56 16 98
57 23 13 36
0 0 100 100 2
39 67 32 64
35 35 17 70
0 0 100 100 5
52 75 10 54
66 35 9 79
70 51 21 31
70 15 9 56
40 29 21 30
0 0 100 100 8
78 72 8 23
50 49 43 64
34 21 15 9
69 23 18 64
13 81 4 24
68 83 5 17
74 54 1 56
87 86 10 10
0 0 100 100 5
57 36 34 50
35 66 29 34
83 56 13 31
78 21 2 78
24 50 1 7
0 0 100 100 7
67 74 25 93
43 47 42 47
34 10 7 35
95 6 3 87
15 29 13 48
9 53 1 84
33 74 13 83
0 0 100 100 9
49 50 28 76
6 67 1 7
57 24 13 27
53 88 9 30
7 68 1 18
21 67 11 54
75 51 23 64
87 72 2 30
80 36 7 84
0 0 100 100 5
48 51 47 33
72 74 8 23
46 83 14 8
54 11 7 54
76 26 3 12
0 0 100 100 10
52 49 42 28
21 61 1 97
88 38 6 25
22 71 10 94
59 74 8 35
32 90 6 27
77 56 4 86
10 35 7 47
78 84 12 56
65 15 12 16
0 0 100 100 9
57 57 41 50
21 59 1 83
33 20 16 39
26 76 21 68
89 9 1 32
62 89 9 58
79 38 2 21
3 79 1 39
91 43 8 21
0 0 100 100 5
50 50 48 35
92 77 5 67
79 32 16 18
83 48 10 85
87 87 2 15
0 0 100 100 8
53 45 40 78
22 38 15 54
80 31 18 66
8 63 1 97
64 24 2 70
11 14 9 46
32 63 11 28
41 79 8 49
0 0 100 100 3
62 36 29 16
14 83 6 91
66 71 26 41
0 0 100 100 4
82 48 12 53
21 29 5 94
80 26 3 53
75 68 24 80
0 0 100 100 1
50 52 47 54
0 0 100 100 9
45 36 30 91
27 59 16 67
24 80 13 34
42 73 3 6
75 39 21 66
79 58 3 16
59 71 21 85
72 84 5 98
60 50 6 92
0 0 100 100 2
52 52 45 64
89 28 8 85
0 0 100 100 7
34 38 5 91
56 62 32 53
37 6 5 78
75 8 7 4
31 90 9 41
13 86 12 54
71 48 7 63
0 0 100 100 3
65 17 14 56
38 61 35 51
70 61 22 16
0 0 100 100 4
47 27 14 28
47 50 26 15
9 67 8 92
68 57 18 44
0 0 100 100 3
36 49 29 50
70 39 28 85
92 78 1 78
0 0 100 100 1
50 52 46 72
0 0 100 100 7
78 60 9 71
60 35 16 10
75 75 13 58
49 23 2 18
38 62 13 72
56 70 21 43
51 51 13 58
0 0 100 100 10
48 63 35 43
65 36 17 54
37 22 16 81
80 63 19 24
50 25 3 61
11 94 5 97
47 92 7 22
87 10 8 36
82 36 11 8
16 57 13 53
0 0 100 100 1
56 51 43 25
0 0 100 100 4
23 66 5 73
48 42 40 43
65 86 5 23
56 78 5 69
0 0 0 0 0
