1  1  1  0.5  0.5   0.5  0.5   0.5  0.5
1  1  1  1.5  0.5   0.5  0.5   0.5  0.5
1  1  1  1.5  1.5   0.5  0.5   0.5  0.5
1  1  1  1.5  1.5   1.5  0.5   0.5  0.5
1  1  1  1.5  1.5   1.5  1.5   0.5  0.5
1  1  1  1.5  1.5   1.5  1.5   1.5  0.5
1  1  1  1.5  1.5   1.5  1.5   1.5  1.5
1  1  1  2.5  1.5   1.5  1.5   1.5  1.5
1  1  1  2.5  2.5   1.5  1.5   1.5  1.5
1  2  2  2.5  2.5   2.5  1.5   1.5  1.5
1  3  3  0.5  0.5   0.5  0.5   0.5  0.5
1  4  4  0.5  0.5   0.5  0.5   0.5  0.5
30 1 30  0.5  0.5   0.5  0.5   0.5  0.5
2  5  6  0.5  0.5   0.5  0.5   0.5  0.5
2  6  7  0.5  0.5   0.5  0.5   0.5  0.5
14  7 16  0.5  0.5   0.5  0.5   0.5  0.5
0  0  0  0.0  0.0   0.0  0.0   0.0  0.0
